4 43 17 
dddddeeeeeeeeeeeeeeeeeeeeeeeeeeeeeeeeeeeeee   1.000000000000E+000  0.000000000000E+000  0.000000000000E+000  0.000000000000E+000  
ddddabeeeeeeeeeeeeeeeeeeeeeeeeeeeeeeeeeeeee   0.000000000000E+000  7.066485925123E-001 -1.003812654659E-012  3.719261847900E-014 
ddddbaeeeeeeeeeeeeeeeeeeeeeeeeeeeeeeeeeeeee   0.000000000000E+000 -7.066485925123E-001  1.003812654659E-012 -3.719261847900E-014 
ddddaebeeeeeeeeeeeeeeeeeeeeeeeeeeeeeeeeeeee   0.000000000000E+000  8.907566820063E-013  7.057622200553E-001 -2.554526200660E-012 
ddddbeaeeeeeeeeeeeeeeeeeeeeeeeeeeeeeeeeeeee   0.000000000000E+000 -8.907566820063E-013 -7.057622200553E-001  2.554526200660E-012 
ddddaeeeebeeeeeeeeeeeeeeeeeeeeeeeeeeeeeeeee   0.000000000000E+000  1.455107444698E-013 -1.610143742147E-013 -4.209496074301E-002 
ddddbeeeeaeeeeeeeeeeeeeeeeeeeeeeeeeeeeeeeee   0.000000000000E+000 -1.455107444698E-013  1.610143742147E-013  4.209496074301E-002 
ddddaeeeeeebeeeeeeeeeeeeeeeeeeeeeeeeeeeeeee   0.000000000000E+000 -8.935216545496E-012 -3.182054007850E-002  2.102338151527E-013 
ddddbeeeeeeaeeeeeeeeeeeeeeeeeeeeeeeeeeeeeee   0.000000000000E+000  8.935216545496E-012  3.182054007850E-002 -2.102338151527E-013 
dddadbeeeeeeeeeeeeeeeeeeeeeeeeeeeeeeeeeeeee   0.000000000000E+000 -5.406480408801E-014  2.549894875352E-012  7.027591323951E-001 
dddbdaeeeeeeeeeeeeeeeeeeeeeeeeeeeeeeeeeeeee   0.000000000000E+000  5.406480408801E-014 -2.549894875352E-012 -7.027591323951E-001 
ddaddebeeeeeeeeeeeeeeeeeeeeeeeeeeeeeeeeeeee   0.000000000000E+000  9.555065353192E-014  1.705885769032E-013  5.194249201269E-002 
ddbddeaeeeeeeeeeeeeeeeeeeeeeeeeeeeeeeeeeeee   0.000000000000E+000 -9.555065353192E-014 -1.705885769032E-013 -5.194249201269E-002 
ddaddeebeeeeeeeeeeeeeeeeeeeeeeeeeeeeeeeeeee   0.000000000000E+000  4.272280283505E-015  3.111572411317E-014  1.874266475934E-002 
ddbddeeaeeeeeeeeeeeeeeeeeeeeeeeeeeeeeeeeeee   0.000000000000E+000 -4.272280283505E-015 -3.111572411317E-014 -1.874266475934E-002 
ddaddeeeeeebeeeeeeeeeeeeeeeeeeeeeeeeeeeeeee   0.000000000000E+000 -4.659116385937E-014 -6.347410617357E-014 -1.919436604354E-002 
ddbddeeeeeeaeeeeeeeeeeeeeeeeeeeeeeeeeeeeeee   0.000000000000E+000  4.659116385937E-014  6.347410617357E-014  1.919436604354E-002 
